Layout_Net                              Source_Net                              R_Count   C_Total(F)           CC_Total(F)          C+CC_Total(F)        
gnd                                     GND                                     173       5.69813E-15          1.06407E-14          1.63388E-14          
14                                      NET016                                  49        8.50806E-16          3.01851E-15          3.86931E-15          
13                                      NET023                                  45        7.43237E-16          2.84884E-15          3.59207E-15          
vbiasnh                                 VBIASNH                                 76        3.33775E-15          7.28374E-15          1.06215E-14          
vbiasph                                 VBIASPH                                 76        3.08396E-15          9.88360E-15          1.29676E-14          
vdd                                     VDD                                     170       6.19522E-15          1.55966E-14          2.17918E-14          
7                                       VIN                                     53        1.00476E-15          4.71160E-15          5.71636E-15          
6                                       VIP                                     51        1.11981E-15          4.30691E-15          5.42671E-15          
9                                       VON                                     45        7.43237E-16          2.84884E-15          3.59207E-15          
von2                                    VON2                                    52        1.18229E-15          4.76996E-15          5.95225E-15          
17                                      VON3                                    45        7.43237E-16          2.84884E-15          3.59208E-15          
19                                      VON5                                    45        7.43237E-16          2.84884E-15          3.59207E-15          
15                                      VON6                                    45        7.43237E-16          2.84884E-15          3.59207E-15          
11                                      VON7                                    45        7.43237E-16          2.84884E-15          3.59207E-15          
10                                      VOP                                     49        9.22316E-16          2.84192E-15          3.76423E-15          
vop2                                    VOP2                                    58        1.08994E-15          5.21072E-15          6.30066E-15          
18                                      VOP3                                    49        8.50806E-16          3.01851E-15          3.86931E-15          
20                                      VOP5                                    49        9.03708E-16          2.86567E-15          3.76938E-15          
16                                      VOP6                                    49        8.50806E-16          3.01851E-15          3.86931E-15          
12                                      VOP7                                    49        8.50806E-16          3.01851E-15          3.86931E-15          
41                                      XI0/NET04                               7         7.43653E-17          7.58334E-16          8.32700E-16          
42                                      XI0/NET016                              7         4.19338E-17          2.41468E-16          2.83402E-16          
43                                      XI15/NET04                              7         7.43653E-17          7.58334E-16          8.32699E-16          
44                                      XI15/NET016                             7         4.19338E-17          2.41464E-16          2.83398E-16          
49                                      XI30/NET04                              7         7.43653E-17          7.58334E-16          8.32700E-16          
50                                      XI30/NET016                             7         4.19338E-17          2.41468E-16          2.83402E-16          
53                                      XI33/NET04                              7         7.43653E-17          7.58334E-16          8.32700E-16          
54                                      XI33/NET016                             7         4.19338E-17          2.41468E-16          2.83402E-16          
55                                      XI36/NET04                              7         7.43653E-17          7.58334E-16          8.32699E-16          
56                                      XI36/NET016                             7         4.19338E-17          2.41464E-16          2.83398E-16          
51                                      XI39/NET04                              7         7.43653E-17          7.58334E-16          8.32699E-16          
52                                      XI39/NET016                             7         4.19338E-17          2.41464E-16          2.83398E-16          
47                                      XI42/NET04                              7         7.43653E-17          7.58334E-16          8.32699E-16          
48                                      XI42/NET016                             7         4.19338E-17          2.41464E-16          2.83398E-16          
45                                      XI9/NET04                               7         7.43653E-17          7.58334E-16          8.32700E-16          
46                                      XI9/NET016                              7         4.19338E-17          2.41468E-16          2.83402E-16          
