Layout_Net                              Source_Net                              R_Count   C_Total(F)           CC_Total(F)          C+CC_Total(F)        
gnd                                     GND                                     173       5.43270E-15          1.09592E-14          1.63919E-14          
17                                      NET016                                  42        7.86925E-16          5.17231E-15          5.95924E-15          
8                                       NET023                                  38        7.64839E-16          4.59715E-15          5.36199E-15          
vbiasnh                                 VBIASNH                                 76        3.33868E-15          7.62666E-15          1.09653E-14          
vbiasph                                 VBIASPH                                 76        3.08602E-15          9.95338E-15          1.30394E-14          
vdd                                     VDD                                     170       6.11293E-15          1.62616E-14          2.23745E-14          
13                                      VIN                                     43        9.23893E-16          7.33959E-15          8.26348E-15          
5                                       VIP                                     44        1.68483E-15          5.81335E-15          7.49818E-15          
7                                       VON                                     38        7.64839E-16          4.59715E-15          5.36199E-15          
von2                                    VON2                                    49        1.89396E-15          5.80961E-15          7.70356E-15          
10                                      VON3                                    38        7.64796E-16          4.59757E-15          5.36236E-15          
12                                      VON5                                    38        7.64839E-16          4.59715E-15          5.36199E-15          
11                                      VON6                                    38        7.64839E-16          4.59715E-15          5.36199E-15          
9                                       VON7                                    38        7.64839E-16          4.59715E-15          5.36199E-15          
15                                      VOP                                     42        8.67991E-16          4.72394E-15          5.59194E-15          
vop2                                    VOP2                                    46        1.22241E-15          6.77731E-15          7.99971E-15          
19                                      VOP3                                    42        7.86925E-16          5.17231E-15          5.95924E-15          
20                                      VOP5                                    42        8.67792E-16          4.64280E-15          5.51059E-15          
18                                      VOP6                                    42        7.86925E-16          5.17231E-15          5.95924E-15          
16                                      VOP7                                    42        7.86925E-16          5.17231E-15          5.95924E-15          
41                                      XI0/NET04                               7         7.44282E-17          7.58334E-16          8.32762E-16          
42                                      XI0/NET016                              7         4.19338E-17          2.41857E-16          2.83790E-16          
43                                      XI15/NET04                              7         7.44282E-17          7.58334E-16          8.32762E-16          
44                                      XI15/NET016                             7         4.19338E-17          2.41853E-16          2.83787E-16          
49                                      XI30/NET04                              7         7.44282E-17          7.58334E-16          8.32762E-16          
50                                      XI30/NET016                             7         4.19338E-17          2.41857E-16          2.83790E-16          
53                                      XI33/NET04                              7         7.44282E-17          7.58334E-16          8.32762E-16          
54                                      XI33/NET016                             7         4.19338E-17          2.41857E-16          2.83790E-16          
55                                      XI36/NET04                              7         7.44282E-17          7.58334E-16          8.32762E-16          
56                                      XI36/NET016                             7         4.19338E-17          2.41853E-16          2.83787E-16          
51                                      XI39/NET04                              7         7.44282E-17          7.58334E-16          8.32762E-16          
52                                      XI39/NET016                             7         4.19338E-17          2.41853E-16          2.83787E-16          
47                                      XI42/NET04                              7         7.44282E-17          7.58334E-16          8.32762E-16          
48                                      XI42/NET016                             7         4.19338E-17          2.41853E-16          2.83787E-16          
45                                      XI9/NET04                               7         7.44282E-17          7.58334E-16          8.32762E-16          
46                                      XI9/NET016                              7         4.19338E-17          2.41857E-16          2.83790E-16          
