PLL_USP2020_dummy 1000
CB.W.1.P55.SI
2 2 2 Dec  7 12:20:01 2020                     
Rule File Pathname: /imec/other/eptsmc/2_Project_Info/2020/1_cyb/TMMG23_Cxx_USP_run7554/2_des/bnd/_C18_WIRE_BOND_6M.19a_
CB width >= 48um
p 1 4
2000 324000
82000 324000
82000 367000
2000 367000
p 2 4
92495 779955
135495 779955
135495 859955
92495 859955
CB.R.2a.SI
6 6 3 Dec  7 12:20:01 2020                     
Rule File Pathname: /imec/other/eptsmc/2_Project_Info/2020/1_cyb/TMMG23_Cxx_USP_run7554/2_des/bnd/_C18_WIRE_BOND_6M.19a_
Pad structure must be at least MT/VIAT/Mtop-1...VIA1/M1.
If you want to use CUP struture , please make sure you draw WBDMY and turn on the right switch.
p 1 4
2000 324000
82000 324000
82000 367000
2000 367000
p 2 4
2000 324000
82000 324000
82000 367000
2000 367000
p 3 4
2000 324000
82000 324000
82000 367000
2000 367000
p 4 4
2000 324000
82000 324000
82000 367000
2000 367000
p 5 4
2000 324000
82000 324000
82000 367000
2000 367000
p 6 4
2000 324000
82000 324000
82000 367000
2000 367000
CBVIA1.R.1.OUTER.P55
1 1 2 Dec  7 12:20:01 2020                     
Rule File Pathname: /imec/other/eptsmc/2_Project_Info/2020/1_cyb/TMMG23_Cxx_USP_run7554/2_des/bnd/_C18_WIRE_BOND_6M.19a_
ratio of outer VIA1 to CB >= 0.05
p 1 4
2000 324000
82000 324000
82000 367000
2000 367000
CBVIA2.R.1.OUTER.P55
1 1 2 Dec  7 12:20:01 2020                     
Rule File Pathname: /imec/other/eptsmc/2_Project_Info/2020/1_cyb/TMMG23_Cxx_USP_run7554/2_des/bnd/_C18_WIRE_BOND_6M.19a_
ratio of outer VIA2 to CB >= 0.05
p 1 4
2000 324000
82000 324000
82000 367000
2000 367000
CBVIA3.R.1.OUTER.P55
1 1 2 Dec  7 12:20:01 2020                     
Rule File Pathname: /imec/other/eptsmc/2_Project_Info/2020/1_cyb/TMMG23_Cxx_USP_run7554/2_des/bnd/_C18_WIRE_BOND_6M.19a_
ratio of outer VIA3 to CB >= 0.05
p 1 4
2000 324000
82000 324000
82000 367000
2000 367000
CBVIA4.R.1.OUTER.P55
1 1 2 Dec  7 12:20:01 2020                     
Rule File Pathname: /imec/other/eptsmc/2_Project_Info/2020/1_cyb/TMMG23_Cxx_USP_run7554/2_des/bnd/_C18_WIRE_BOND_6M.19a_
ratio of outer VIA4 to CB >= 0.05
p 1 4
2000 324000
82000 324000
82000 367000
2000 367000
CBVIA5.R.1.OUTER.P55
1 1 2 Dec  7 12:20:01 2020                     
Rule File Pathname: /imec/other/eptsmc/2_Project_Info/2020/1_cyb/TMMG23_Cxx_USP_run7554/2_des/bnd/_C18_WIRE_BOND_6M.19a_
ratio of outer VIA5 to CB >= 0.05
p 1 4
2000 324000
82000 324000
82000 367000
2000 367000
CUPCB.R.4
360 360 2 Dec  7 12:20:01 2020                 
Rule File Pathname: /imec/other/eptsmc/2_Project_Info/2020/1_cyb/TMMG23_Cxx_USP_run7554/2_des/bnd/_C18_WIRE_BOND_6M.19a_
A specialized CUP pad structure must be applied to the top metal layers without top via
p 1 4
93235 780155
93515 780155
93515 783595
93235 783595
p 2 4
93235 785595
96675 785595
96675 785875
93235 785875
p 3 4
93235 787175
96675 787175
96675 787455
93235 787455
p 4 4
93235 788755
96675 788755
96675 789035
93235 789035
p 5 4
93235 791035
93515 791035
93515 794475
93235 794475
p 6 4
93235 796475
96675 796475
96675 796755
93235 796755
p 7 4
93235 798055
96675 798055
96675 798335
93235 798335
p 8 4
93235 799635
96675 799635
96675 799915
93235 799915
p 9 4
93235 801915
93515 801915
93515 805355
93235 805355
p 10 4
93235 807355
96675 807355
96675 807635
93235 807635
p 11 4
93235 808935
96675 808935
96675 809215
93235 809215
p 12 4
93235 810515
96675 810515
96675 810795
93235 810795
p 13 4
93235 812795
93515 812795
93515 816235
93235 816235
p 14 4
93235 818235
96675 818235
96675 818515
93235 818515
p 15 4
93235 819815
96675 819815
96675 820095
93235 820095
p 16 4
93235 821395
96675 821395
96675 821675
93235 821675
p 17 4
93235 823675
93515 823675
93515 827115
93235 827115
p 18 4
93235 829115
96675 829115
96675 829395
93235 829395
p 19 4
93235 830695
96675 830695
96675 830975
93235 830975
p 20 4
93235 832275
96675 832275
96675 832555
93235 832555
p 21 4
93235 834555
93515 834555
93515 837995
93235 837995
p 22 4
93235 839995
96675 839995
96675 840275
93235 840275
p 23 4
93235 841575
96675 841575
96675 841855
93235 841855
p 24 4
93235 843155
96675 843155
96675 843435
93235 843435
p 25 4
93235 845435
93515 845435
93515 848875
93235 848875
p 26 4
93235 850875
96675 850875
96675 851155
93235 851155
p 27 4
93235 852455
96675 852455
96675 852735
93235 852735
p 28 4
93235 854035
96675 854035
96675 854315
93235 854315
p 29 4
93235 856315
93515 856315
93515 859755
93235 859755
p 30 4
94815 780155
95095 780155
95095 783595
94815 783595
p 31 4
94815 791035
95095 791035
95095 794475
94815 794475
p 32 4
94815 801915
95095 801915
95095 805355
94815 805355
p 33 4
94815 812795
95095 812795
95095 816235
94815 816235
p 34 4
94815 823675
95095 823675
95095 827115
94815 827115
p 35 4
94815 834555
95095 834555
95095 837995
94815 837995
p 36 4
94815 845435
95095 845435
95095 848875
94815 848875
p 37 4
94815 856315
95095 856315
95095 859755
94815 859755
p 38 4
96395 780155
96675 780155
96675 783595
96395 783595
p 39 4
96395 791035
96675 791035
96675 794475
96395 794475
p 40 4
96395 801915
96675 801915
96675 805355
96395 805355
p 41 4
96395 812795
96675 812795
96675 816235
96395 816235
p 42 4
96395 823675
96675 823675
96675 827115
96395 827115
p 43 4
96395 834555
96675 834555
96675 837995
96395 837995
p 44 4
96395 845435
96675 845435
96675 848875
96395 848875
p 45 4
96395 856315
96675 856315
96675 859755
96395 859755
p 46 4
98675 780155
102115 780155
102115 780435
98675 780435
p 47 4
98675 781735
102115 781735
102115 782015
98675 782015
p 48 4
98675 783315
102115 783315
102115 783595
98675 783595
p 49 4
98675 785595
98955 785595
98955 789035
98675 789035
p 50 4
98675 791035
102115 791035
102115 791315
98675 791315
p 51 4
98675 792615
102115 792615
102115 792895
98675 792895
p 52 4
98675 794195
102115 794195
102115 794475
98675 794475
p 53 4
98675 796475
98955 796475
98955 799915
98675 799915
p 54 4
98675 801915
102115 801915
102115 802195
98675 802195
p 55 4
98675 803495
102115 803495
102115 803775
98675 803775
p 56 4
98675 805075
102115 805075
102115 805355
98675 805355
p 57 4
98675 807355
98955 807355
98955 810795
98675 810795
p 58 4
98675 812795
102115 812795
102115 813075
98675 813075
p 59 4
98675 814375
102115 814375
102115 814655
98675 814655
p 60 4
98675 815955
102115 815955
102115 816235
98675 816235
p 61 4
98675 818235
98955 818235
98955 821675
98675 821675
p 62 4
98675 823675
102115 823675
102115 823955
98675 823955
p 63 4
98675 825255
102115 825255
102115 825535
98675 825535
p 64 4
98675 826835
102115 826835
102115 827115
98675 827115
p 65 4
98675 829115
98955 829115
98955 832555
98675 832555
p 66 4
98675 834555
102115 834555
102115 834835
98675 834835
p 67 4
98675 836135
102115 836135
102115 836415
98675 836415
p 68 4
98675 837715
102115 837715
102115 837995
98675 837995
p 69 4
98675 839995
98955 839995
98955 843435
98675 843435
p 70 4
98675 845435
102115 845435
102115 845715
98675 845715
p 71 4
98675 847015
102115 847015
102115 847295
98675 847295
p 72 4
98675 848595
102115 848595
102115 848875
98675 848875
p 73 4
98675 850875
98955 850875
98955 854315
98675 854315
p 74 4
98675 856315
102115 856315
102115 856595
98675 856595
p 75 4
98675 857895
102115 857895
102115 858175
98675 858175
p 76 4
98675 859475
102115 859475
102115 859755
98675 859755
p 77 4
100255 785595
100535 785595
100535 789035
100255 789035
p 78 4
100255 796475
100535 796475
100535 799915
100255 799915
p 79 4
100255 807355
100535 807355
100535 810795
100255 810795
p 80 4
100255 818235
100535 818235
100535 821675
100255 821675
p 81 4
100255 829115
100535 829115
100535 832555
100255 832555
p 82 4
100255 839995
100535 839995
100535 843435
100255 843435
p 83 4
100255 850875
100535 850875
100535 854315
100255 854315
p 84 4
101835 785595
102115 785595
102115 789035
101835 789035
p 85 4
101835 796475
102115 796475
102115 799915
101835 799915
p 86 4
101835 807355
102115 807355
102115 810795
101835 810795
p 87 4
101835 818235
102115 818235
102115 821675
101835 821675
p 88 4
101835 829115
102115 829115
102115 832555
101835 832555
p 89 4
101835 839995
102115 839995
102115 843435
101835 843435
p 90 4
101835 850875
102115 850875
102115 854315
101835 854315
p 91 4
104115 780155
104395 780155
104395 783595
104115 783595
p 92 4
104115 785595
107555 785595
107555 785875
104115 785875
p 93 4
104115 787175
107555 787175
107555 787455
104115 787455
p 94 4
104115 788755
107555 788755
107555 789035
104115 789035
p 95 4
104115 791035
104395 791035
104395 794475
104115 794475
p 96 4
104115 796475
107555 796475
107555 796755
104115 796755
p 97 4
104115 798055
107555 798055
107555 798335
104115 798335
p 98 4
104115 799635
107555 799635
107555 799915
104115 799915
p 99 4
104115 801915
104395 801915
104395 805355
104115 805355
p 100 4
104115 807355
107555 807355
107555 807635
104115 807635
p 101 4
104115 808935
107555 808935
107555 809215
104115 809215
p 102 4
104115 810515
107555 810515
107555 810795
104115 810795
p 103 4
104115 812795
104395 812795
104395 816235
104115 816235
p 104 4
104115 818235
107555 818235
107555 818515
104115 818515
p 105 4
104115 819815
107555 819815
107555 820095
104115 820095
p 106 4
104115 821395
107555 821395
107555 821675
104115 821675
p 107 4
104115 823675
104395 823675
104395 827115
104115 827115
p 108 4
104115 829115
107555 829115
107555 829395
104115 829395
p 109 4
104115 830695
107555 830695
107555 830975
104115 830975
p 110 4
104115 832275
107555 832275
107555 832555
104115 832555
p 111 4
104115 834555
104395 834555
104395 837995
104115 837995
p 112 4
104115 839995
107555 839995
107555 840275
104115 840275
p 113 4
104115 841575
107555 841575
107555 841855
104115 841855
p 114 4
104115 843155
107555 843155
107555 843435
104115 843435
p 115 4
104115 845435
104395 845435
104395 848875
104115 848875
p 116 4
104115 850875
107555 850875
107555 851155
104115 851155
p 117 4
104115 852455
107555 852455
107555 852735
104115 852735
p 118 4
104115 854035
107555 854035
107555 854315
104115 854315
p 119 4
104115 856315
104395 856315
104395 859755
104115 859755
p 120 4
105695 780155
105975 780155
105975 783595
105695 783595
p 121 4
105695 791035
105975 791035
105975 794475
105695 794475
p 122 4
105695 801915
105975 801915
105975 805355
105695 805355
p 123 4
105695 812795
105975 812795
105975 816235
105695 816235
p 124 4
105695 823675
105975 823675
105975 827115
105695 827115
p 125 4
105695 834555
105975 834555
105975 837995
105695 837995
p 126 4
105695 845435
105975 845435
105975 848875
105695 848875
p 127 4
105695 856315
105975 856315
105975 859755
105695 859755
p 128 4
107275 780155
107555 780155
107555 783595
107275 783595
p 129 4
107275 791035
107555 791035
107555 794475
107275 794475
p 130 4
107275 801915
107555 801915
107555 805355
107275 805355
p 131 4
107275 812795
107555 812795
107555 816235
107275 816235
p 132 4
107275 823675
107555 823675
107555 827115
107275 827115
p 133 4
107275 834555
107555 834555
107555 837995
107275 837995
p 134 4
107275 845435
107555 845435
107555 848875
107275 848875
p 135 4
107275 856315
107555 856315
107555 859755
107275 859755
p 136 4
109555 780155
112995 780155
112995 780435
109555 780435
p 137 4
109555 781735
112995 781735
112995 782015
109555 782015
p 138 4
109555 783315
112995 783315
112995 783595
109555 783595
p 139 4
109555 785595
109835 785595
109835 789035
109555 789035
p 140 4
109555 791035
112995 791035
112995 791315
109555 791315
p 141 4
109555 792615
112995 792615
112995 792895
109555 792895
p 142 4
109555 794195
112995 794195
112995 794475
109555 794475
p 143 4
109555 796475
109835 796475
109835 799915
109555 799915
p 144 4
109555 801915
112995 801915
112995 802195
109555 802195
p 145 4
109555 803495
112995 803495
112995 803775
109555 803775
p 146 4
109555 805075
112995 805075
112995 805355
109555 805355
p 147 4
109555 807355
109835 807355
109835 810795
109555 810795
p 148 4
109555 812795
112995 812795
112995 813075
109555 813075
p 149 4
109555 814375
112995 814375
112995 814655
109555 814655
p 150 4
109555 815955
112995 815955
112995 816235
109555 816235
p 151 4
109555 818235
109835 818235
109835 821675
109555 821675
p 152 4
109555 823675
112995 823675
112995 823955
109555 823955
p 153 4
109555 825255
112995 825255
112995 825535
109555 825535
p 154 4
109555 826835
112995 826835
112995 827115
109555 827115
p 155 4
109555 829115
109835 829115
109835 832555
109555 832555
p 156 4
109555 834555
112995 834555
112995 834835
109555 834835
p 157 4
109555 836135
112995 836135
112995 836415
109555 836415
p 158 4
109555 837715
112995 837715
112995 837995
109555 837995
p 159 4
109555 839995
109835 839995
109835 843435
109555 843435
p 160 4
109555 845435
112995 845435
112995 845715
109555 845715
p 161 4
109555 847015
112995 847015
112995 847295
109555 847295
p 162 4
109555 848595
112995 848595
112995 848875
109555 848875
p 163 4
109555 850875
109835 850875
109835 854315
109555 854315
p 164 4
109555 856315
112995 856315
112995 856595
109555 856595
p 165 4
109555 857895
112995 857895
112995 858175
109555 858175
p 166 4
109555 859475
112995 859475
112995 859755
109555 859755
p 167 4
111135 785595
111415 785595
111415 789035
111135 789035
p 168 4
111135 796475
111415 796475
111415 799915
111135 799915
p 169 4
111135 807355
111415 807355
111415 810795
111135 810795
p 170 4
111135 818235
111415 818235
111415 821675
111135 821675
p 171 4
111135 829115
111415 829115
111415 832555
111135 832555
p 172 4
111135 839995
111415 839995
111415 843435
111135 843435
p 173 4
111135 850875
111415 850875
111415 854315
111135 854315
p 174 4
112715 785595
112995 785595
112995 789035
112715 789035
p 175 4
112715 796475
112995 796475
112995 799915
112715 799915
p 176 4
112715 807355
112995 807355
112995 810795
112715 810795
p 177 4
112715 818235
112995 818235
112995 821675
112715 821675
p 178 4
112715 829115
112995 829115
112995 832555
112715 832555
p 179 4
112715 839995
112995 839995
112995 843435
112715 843435
p 180 4
112715 850875
112995 850875
112995 854315
112715 854315
p 181 4
114995 780155
115275 780155
115275 783595
114995 783595
p 182 4
114995 785595
118435 785595
118435 785875
114995 785875
p 183 4
114995 787175
118435 787175
118435 787455
114995 787455
p 184 4
114995 788755
118435 788755
118435 789035
114995 789035
p 185 4
114995 791035
115275 791035
115275 794475
114995 794475
p 186 4
114995 796475
118435 796475
118435 796755
114995 796755
p 187 4
114995 798055
118435 798055
118435 798335
114995 798335
p 188 4
114995 799635
118435 799635
118435 799915
114995 799915
p 189 4
114995 801915
115275 801915
115275 805355
114995 805355
p 190 4
114995 807355
118435 807355
118435 807635
114995 807635
p 191 4
114995 808935
118435 808935
118435 809215
114995 809215
p 192 4
114995 810515
118435 810515
118435 810795
114995 810795
p 193 4
114995 812795
115275 812795
115275 816235
114995 816235
p 194 4
114995 818235
118435 818235
118435 818515
114995 818515
p 195 4
114995 819815
118435 819815
118435 820095
114995 820095
p 196 4
114995 821395
118435 821395
118435 821675
114995 821675
p 197 4
114995 823675
115275 823675
115275 827115
114995 827115
p 198 4
114995 829115
118435 829115
118435 829395
114995 829395
p 199 4
114995 830695
118435 830695
118435 830975
114995 830975
p 200 4
114995 832275
118435 832275
118435 832555
114995 832555
p 201 4
114995 834555
115275 834555
115275 837995
114995 837995
p 202 4
114995 839995
118435 839995
118435 840275
114995 840275
p 203 4
114995 841575
118435 841575
118435 841855
114995 841855
p 204 4
114995 843155
118435 843155
118435 843435
114995 843435
p 205 4
114995 845435
115275 845435
115275 848875
114995 848875
p 206 4
114995 850875
118435 850875
118435 851155
114995 851155
p 207 4
114995 852455
118435 852455
118435 852735
114995 852735
p 208 4
114995 854035
118435 854035
118435 854315
114995 854315
p 209 4
114995 856315
115275 856315
115275 859755
114995 859755
p 210 4
116575 780155
116855 780155
116855 783595
116575 783595
p 211 4
116575 791035
116855 791035
116855 794475
116575 794475
p 212 4
116575 801915
116855 801915
116855 805355
116575 805355
p 213 4
116575 812795
116855 812795
116855 816235
116575 816235
p 214 4
116575 823675
116855 823675
116855 827115
116575 827115
p 215 4
116575 834555
116855 834555
116855 837995
116575 837995
p 216 4
116575 845435
116855 845435
116855 848875
116575 848875
p 217 4
116575 856315
116855 856315
116855 859755
116575 859755
p 218 4
118155 780155
118435 780155
118435 783595
118155 783595
p 219 4
118155 791035
118435 791035
118435 794475
118155 794475
p 220 4
118155 801915
118435 801915
118435 805355
118155 805355
p 221 4
118155 812795
118435 812795
118435 816235
118155 816235
p 222 4
118155 823675
118435 823675
118435 827115
118155 827115
p 223 4
118155 834555
118435 834555
118435 837995
118155 837995
p 224 4
118155 845435
118435 845435
118435 848875
118155 848875
p 225 4
118155 856315
118435 856315
118435 859755
118155 859755
p 226 4
120435 780155
123875 780155
123875 780435
120435 780435
p 227 4
120435 781735
123875 781735
123875 782015
120435 782015
p 228 4
120435 783315
123875 783315
123875 783595
120435 783595
p 229 4
120435 785595
120715 785595
120715 789035
120435 789035
p 230 4
120435 791035
123875 791035
123875 791315
120435 791315
p 231 4
120435 792615
123875 792615
123875 792895
120435 792895
p 232 4
120435 794195
123875 794195
123875 794475
120435 794475
p 233 4
120435 796475
120715 796475
120715 799915
120435 799915
p 234 4
120435 801915
123875 801915
123875 802195
120435 802195
p 235 4
120435 803495
123875 803495
123875 803775
120435 803775
p 236 4
120435 805075
123875 805075
123875 805355
120435 805355
p 237 4
120435 807355
120715 807355
120715 810795
120435 810795
p 238 4
120435 812795
123875 812795
123875 813075
120435 813075
p 239 4
120435 814375
123875 814375
123875 814655
120435 814655
p 240 4
120435 815955
123875 815955
123875 816235
120435 816235
p 241 4
120435 818235
120715 818235
120715 821675
120435 821675
p 242 4
120435 823675
123875 823675
123875 823955
120435 823955
p 243 4
120435 825255
123875 825255
123875 825535
120435 825535
p 244 4
120435 826835
123875 826835
123875 827115
120435 827115
p 245 4
120435 829115
120715 829115
120715 832555
120435 832555
p 246 4
120435 834555
123875 834555
123875 834835
120435 834835
p 247 4
120435 836135
123875 836135
123875 836415
120435 836415
p 248 4
120435 837715
123875 837715
123875 837995
120435 837995
p 249 4
120435 839995
120715 839995
120715 843435
120435 843435
p 250 4
120435 845435
123875 845435
123875 845715
120435 845715
p 251 4
120435 847015
123875 847015
123875 847295
120435 847295
p 252 4
120435 848595
123875 848595
123875 848875
120435 848875
p 253 4
120435 850875
120715 850875
120715 854315
120435 854315
p 254 4
120435 856315
123875 856315
123875 856595
120435 856595
p 255 4
120435 857895
123875 857895
123875 858175
120435 858175
p 256 4
120435 859475
123875 859475
123875 859755
120435 859755
p 257 4
122015 785595
122295 785595
122295 789035
122015 789035
p 258 4
122015 796475
122295 796475
122295 799915
122015 799915
p 259 4
122015 807355
122295 807355
122295 810795
122015 810795
p 260 4
122015 818235
122295 818235
122295 821675
122015 821675
p 261 4
122015 829115
122295 829115
122295 832555
122015 832555
p 262 4
122015 839995
122295 839995
122295 843435
122015 843435
p 263 4
122015 850875
122295 850875
122295 854315
122015 854315
p 264 4
123595 785595
123875 785595
123875 789035
123595 789035
p 265 4
123595 796475
123875 796475
123875 799915
123595 799915
p 266 4
123595 807355
123875 807355
123875 810795
123595 810795
p 267 4
123595 818235
123875 818235
123875 821675
123595 821675
p 268 4
123595 829115
123875 829115
123875 832555
123595 832555
p 269 4
123595 839995
123875 839995
123875 843435
123595 843435
p 270 4
123595 850875
123875 850875
123875 854315
123595 854315
p 271 4
125875 780155
126155 780155
126155 783595
125875 783595
p 272 4
125875 785595
129315 785595
129315 785875
125875 785875
p 273 4
125875 787175
129315 787175
129315 787455
125875 787455
p 274 4
125875 788755
129315 788755
129315 789035
125875 789035
p 275 4
125875 791035
126155 791035
126155 794475
125875 794475
p 276 4
125875 796475
129315 796475
129315 796755
125875 796755
p 277 4
125875 798055
129315 798055
129315 798335
125875 798335
p 278 4
125875 799635
129315 799635
129315 799915
125875 799915
p 279 4
125875 801915
126155 801915
126155 805355
125875 805355
p 280 4
125875 807355
129315 807355
129315 807635
125875 807635
p 281 4
125875 808935
129315 808935
129315 809215
125875 809215
p 282 4
125875 810515
129315 810515
129315 810795
125875 810795
p 283 4
125875 812795
126155 812795
126155 816235
125875 816235
p 284 4
125875 818235
129315 818235
129315 818515
125875 818515
p 285 4
125875 819815
129315 819815
129315 820095
125875 820095
p 286 4
125875 821395
129315 821395
129315 821675
125875 821675
p 287 4
125875 823675
126155 823675
126155 827115
125875 827115
p 288 4
125875 829115
129315 829115
129315 829395
125875 829395
p 289 4
125875 830695
129315 830695
129315 830975
125875 830975
p 290 4
125875 832275
129315 832275
129315 832555
125875 832555
p 291 4
125875 834555
126155 834555
126155 837995
125875 837995
p 292 4
125875 839995
129315 839995
129315 840275
125875 840275
p 293 4
125875 841575
129315 841575
129315 841855
125875 841855
p 294 4
125875 843155
129315 843155
129315 843435
125875 843435
p 295 4
125875 845435
126155 845435
126155 848875
125875 848875
p 296 4
125875 850875
129315 850875
129315 851155
125875 851155
p 297 4
125875 852455
129315 852455
129315 852735
125875 852735
p 298 4
125875 854035
129315 854035
129315 854315
125875 854315
p 299 4
125875 856315
126155 856315
126155 859755
125875 859755
p 300 4
127455 780155
127735 780155
127735 783595
127455 783595
p 301 4
127455 791035
127735 791035
127735 794475
127455 794475
p 302 4
127455 801915
127735 801915
127735 805355
127455 805355
p 303 4
127455 812795
127735 812795
127735 816235
127455 816235
p 304 4
127455 823675
127735 823675
127735 827115
127455 827115
p 305 4
127455 834555
127735 834555
127735 837995
127455 837995
p 306 4
127455 845435
127735 845435
127735 848875
127455 848875
p 307 4
127455 856315
127735 856315
127735 859755
127455 859755
p 308 4
129035 780155
129315 780155
129315 783595
129035 783595
p 309 4
129035 791035
129315 791035
129315 794475
129035 794475
p 310 4
129035 801915
129315 801915
129315 805355
129035 805355
p 311 4
129035 812795
129315 812795
129315 816235
129035 816235
p 312 4
129035 823675
129315 823675
129315 827115
129035 827115
p 313 4
129035 834555
129315 834555
129315 837995
129035 837995
p 314 4
129035 845435
129315 845435
129315 848875
129035 848875
p 315 4
129035 856315
129315 856315
129315 859755
129035 859755
p 316 4
131315 780155
134755 780155
134755 780435
131315 780435
p 317 4
131315 781735
134755 781735
134755 782015
131315 782015
p 318 4
131315 783315
134755 783315
134755 783595
131315 783595
p 319 4
131315 785595
131595 785595
131595 789035
131315 789035
p 320 4
131315 791035
134755 791035
134755 791315
131315 791315
p 321 4
131315 792615
134755 792615
134755 792895
131315 792895
p 322 4
131315 794195
134755 794195
134755 794475
131315 794475
p 323 4
131315 796475
131595 796475
131595 799915
131315 799915
p 324 4
131315 801915
134755 801915
134755 802195
131315 802195
p 325 4
131315 803495
134755 803495
134755 803775
131315 803775
p 326 4
131315 805075
134755 805075
134755 805355
131315 805355
p 327 4
131315 807355
131595 807355
131595 810795
131315 810795
p 328 4
131315 812795
134755 812795
134755 813075
131315 813075
p 329 4
131315 814375
134755 814375
134755 814655
131315 814655
p 330 4
131315 815955
134755 815955
134755 816235
131315 816235
p 331 4
131315 818235
131595 818235
131595 821675
131315 821675
p 332 4
131315 823675
134755 823675
134755 823955
131315 823955
p 333 4
131315 825255
134755 825255
134755 825535
131315 825535
p 334 4
131315 826835
134755 826835
134755 827115
131315 827115
p 335 4
131315 829115
131595 829115
131595 832555
131315 832555
p 336 4
131315 834555
134755 834555
134755 834835
131315 834835
p 337 4
131315 836135
134755 836135
134755 836415
131315 836415
p 338 4
131315 837715
134755 837715
134755 837995
131315 837995
p 339 4
131315 839995
131595 839995
131595 843435
131315 843435
p 340 4
131315 845435
134755 845435
134755 845715
131315 845715
p 341 4
131315 847015
134755 847015
134755 847295
131315 847295
p 342 4
131315 848595
134755 848595
134755 848875
131315 848875
p 343 4
131315 850875
131595 850875
131595 854315
131315 854315
p 344 4
131315 856315
134755 856315
134755 856595
131315 856595
p 345 4
131315 857895
134755 857895
134755 858175
131315 858175
p 346 4
131315 859475
134755 859475
134755 859755
131315 859755
p 347 4
132895 785595
133175 785595
133175 789035
132895 789035
p 348 4
132895 796475
133175 796475
133175 799915
132895 799915
p 349 4
132895 807355
133175 807355
133175 810795
132895 810795
p 350 4
132895 818235
133175 818235
133175 821675
132895 821675
p 351 4
132895 829115
133175 829115
133175 832555
132895 832555
p 352 4
132895 839995
133175 839995
133175 843435
132895 843435
p 353 4
132895 850875
133175 850875
133175 854315
132895 854315
p 354 4
134475 785595
134755 785595
134755 789035
134475 789035
p 355 4
134475 796475
134755 796475
134755 799915
134475 799915
p 356 4
134475 807355
134755 807355
134755 810795
134475 810795
p 357 4
134475 818235
134755 818235
134755 821675
134475 821675
p 358 4
134475 829115
134755 829115
134755 832555
134475 832555
p 359 4
134475 839995
134755 839995
134755 843435
134475 843435
p 360 4
134475 850875
134755 850875
134755 854315
134475 854315
NET_AREA_RATIO_RDBS
0 0 5 Dec  7 12:20:01 2020
via1_single_ratio.log 1
via2_single_ratio.log 1
via3_single_ratio.log 1
via4_single_ratio.log 1
via5_single_ratio.log 1
